01.10.2013 00:00:00.000,8585.700,8585.700,8585.700,8585.700,0
01.10.2013 00:05:00.000,8585.700,8585.700,8585.700,8585.700,0
01.10.2013 00:10:00.000,8585.700,8585.700,8585.700,8585.700,0
01.10.2013 00:15:00.000,8585.700,8585.700,8585.700,8585.700,0
01.10.2013 00:20:00.000,8585.700,8585.700,8585.700,8585.700,0
01.10.2013 00:25:00.000,8585.700,8585.700,8585.700,8585.700,0
01.10.2013 00:30:00.000,8585.700,8585.700,8585.700,8585.700,0
01.10.2013 00:35:00.000,8585.700,8585.700,8585.700,8585.700,0
01.10.2013 00:40:00.000,8585.700,8585.700,8585.700,8585.700,0
01.10.2013 00:45:00.000,8585.700,8585.700,8585.700,8585.700,0
01.10.2013 00:50:00.000,8585.700,8585.700,8585.700,8585.700,0
01.10.2013 00:55:00.000,8585.700,8585.700,8585.700,8585.700,0
01.10.2013 01:00:00.000,8585.700,8585.700,8585.700,8585.700,0
01.10.2013 01:05:00.000,8585.700,8585.700,8585.700,8585.700,0
01.10.2013 01:10:00.000,8585.700,8585.700,8585.700,8585.700,0
01.10.2013 01:15:00.000,8585.700,8585.700,8585.700,8585.700,0
01.10.2013 01:20:00.000,8585.700,8585.700,8585.700,8585.700,0
01.10.2013 01:25:00.000,8585.700,8585.700,8585.700,8585.700,0
01.10.2013 01:30:00.000,8585.700,8585.700,8585.700,8585.700,0
01.10.2013 01:35:00.000,8585.700,8585.700,8585.700,8585.700,0
01.10.2013 01:40:00.000,8585.700,8585.700,8585.700,8585.700,0
01.10.2013 01:45:00.000,8585.700,8585.700,8585.700,8585.700,0
01.10.2013 01:50:00.000,8585.700,8585.700,8585.700,8585.700,0
01.10.2013 01:55:00.000,8585.700,8585.700,8585.700,8585.700,0
01.10.2013 02:00:00.000,8585.700,8585.700,8585.700,8585.700,0
01.10.2013 02:05:00.000,8585.700,8585.700,8585.700,8585.700,0
01.10.2013 02:10:00.000,8585.700,8585.700,8585.700,8585.700,0
01.10.2013 02:15:00.000,8585.700,8585.700,8585.700,8585.700,0
01.10.2013 02:20:00.000,8585.700,8585.700,8585.700,8585.700,0
01.10.2013 02:25:00.000,8585.700,8585.700,8585.700,8585.700,0
01.10.2013 02:30:00.000,8585.700,8585.700,8585.700,8585.700,0
01.10.2013 02:35:00.000,8585.700,8585.700,8585.700,8585.700,0
01.10.2013 02:40:00.000,8585.700,8585.700,8585.700,8585.700,0
01.10.2013 02:45:00.000,8585.700,8585.700,8585.700,8585.700,0
01.10.2013 02:50:00.000,8585.700,8585.700,8585.700,8585.700,0
01.10.2013 02:55:00.000,8585.700,8585.700,8585.700,8585.700,0
01.10.2013 03:00:00.000,8585.700,8585.700,8585.700,8585.700,0
01.10.2013 03:05:00.000,8585.700,8585.700,8585.700,8585.700,0
01.10.2013 03:10:00.000,8585.700,8585.700,8585.700,8585.700,0
01.10.2013 03:15:00.000,8585.700,8585.700,8585.700,8585.700,0
01.10.2013 03:20:00.000,8585.700,8585.700,8585.700,8585.700,0
01.10.2013 03:25:00.000,8585.700,8585.700,8585.700,8585.700,0
01.10.2013 03:30:00.000,8585.700,8585.700,8585.700,8585.700,0
01.10.2013 03:35:00.000,8585.700,8585.700,8585.700,8585.700,0
01.10.2013 03:40:00.000,8585.700,8585.700,8585.700,8585.700,0
01.10.2013 03:45:00.000,8585.700,8585.700,8585.700,8585.700,0
01.10.2013 03:50:00.000,8585.700,8585.700,8585.700,8585.700,0
01.10.2013 03:55:00.000,8585.700,8585.700,8585.700,8585.700,0
01.10.2013 04:00:00.000,8585.700,8585.700,8585.700,8585.700,0
01.10.2013 04:05:00.000,8585.700,8585.700,8585.700,8585.700,0
01.10.2013 04:10:00.000,8585.700,8585.700,8585.700,8585.700,0
01.10.2013 04:15:00.000,8585.700,8585.700,8585.700,8585.700,0
01.10.2013 04:20:00.000,8585.700,8585.700,8585.700,8585.700,0
01.10.2013 04:25:00.000,8585.700,8585.700,8585.700,8585.700,0
01.10.2013 04:30:00.000,8585.700,8585.700,8585.700,8585.700,0
01.10.2013 04:35:00.000,8585.700,8585.700,8585.700,8585.700,0
01.10.2013 04:40:00.000,8585.700,8585.700,8585.700,8585.700,0
01.10.2013 04:45:00.000,8585.700,8585.700,8585.700,8585.700,0
01.10.2013 04:50:00.000,8585.700,8585.700,8585.700,8585.700,0
01.10.2013 04:55:00.000,8585.700,8585.700,8585.700,8585.700,0
01.10.2013 05:00:00.000,8585.700,8585.700,8585.700,8585.700,0
01.10.2013 05:05:00.000,8585.700,8585.700,8585.700,8585.700,0
01.10.2013 05:10:00.000,8585.700,8585.700,8585.700,8585.700,0
01.10.2013 05:15:00.000,8585.700,8585.700,8585.700,8585.700,0
01.10.2013 05:20:00.000,8585.700,8585.700,8585.700,8585.700,0
01.10.2013 05:25:00.000,8585.700,8585.700,8585.700,8585.700,0
01.10.2013 05:30:00.000,8585.700,8585.700,8585.700,8585.700,0
01.10.2013 05:35:00.000,8585.700,8585.700,8585.700,8585.700,0
01.10.2013 05:40:00.000,8585.700,8585.700,8585.700,8585.700,0
01.10.2013 05:45:00.000,8585.700,8585.700,8585.700,8585.700,0
01.10.2013 05:50:00.000,8585.700,8585.700,8585.700,8585.700,0
01.10.2013 05:55:00.000,8585.700,8585.700,8585.700,8585.700,0
01.10.2013 06:00:00.000,8585.700,8585.700,8585.700,8585.700,0
01.10.2013 06:05:00.000,8585.700,8585.700,8585.700,8585.700,0
01.10.2013 06:10:00.000,8585.700,8585.700,8585.700,8585.700,0
01.10.2013 06:15:00.000,8585.700,8585.700,8585.700,8585.700,0
01.10.2013 06:20:00.000,8585.700,8585.700,8585.700,8585.700,0
01.10.2013 06:25:00.000,8585.700,8585.700,8585.700,8585.700,0
01.10.2013 06:30:00.000,8585.700,8585.700,8585.700,8585.700,0
01.10.2013 06:35:00.000,8585.700,8585.700,8585.700,8585.700,0
01.10.2013 06:40:00.000,8585.700,8585.700,8585.700,8585.700,0
01.10.2013 06:45:00.000,8585.700,8585.700,8585.700,8585.700,0
01.10.2013 06:50:00.000,8585.700,8585.700,8585.700,8585.700,0
01.10.2013 06:55:00.000,8585.700,8585.700,8585.700,8585.700,0
01.10.2013 07:00:00.000,8585.700,8627.000,8585.700,8627.000,0.004
01.10.2013 07:05:00.000,8636.600,8636.600,8634.000,8635.700,0.006
01.10.2013 07:10:00.000,8635.700,8635.700,8626.600,8628.400,0.016
01.10.2013 07:15:00.000,8628.200,8628.600,8623.100,8625.500,0.022000000000000002
01.10.2013 07:20:00.000,8625.500,8635.200,8625.500,8633.700,0.018000000000000002
01.10.2013 07:25:00.000,8633.500,8638.200,8630.600,8633.200,0.04
01.10.2013 07:30:00.000,8633.200,8633.200,8631.800,8631.800,0.002
01.10.2013 07:35:00.000,8631.800,8631.900,8626.900,8631.900,0.012
01.10.2013 07:40:00.000,8631.900,8631.900,8627.700,8627.700,0.004
01.10.2013 07:45:00.000,8628.000,8631.000,8628.000,8631.000,0.012
01.10.2013 07:50:00.000,8631.000,8647.300,8631.000,8646.000,0.012
01.10.2013 07:55:00.000,8643.100,8650.300,8642.100,8643.800,0.030000000000000002
01.10.2013 08:00:00.000,8648.100,8649.400,8646.700,8648.200,0.016
01.10.2013 08:05:00.000,8646.400,8648.500,8643.300,8644.100,0.038
01.10.2013 08:10:00.000,8644.100,8648.000,8643.000,8646.100,0.024
01.10.2013 08:15:00.000,8646.100,8649.700,8643.500,8643.500,0.018000000000000002
01.10.2013 08:20:00.000,8643.800,8643.800,8636.300,8636.300,0.052000000000000005
01.10.2013 08:25:00.000,8635.900,8641.900,8635.400,8641.800,0.034
01.10.2013 08:30:00.000,8641.400,8646.800,8641.400,8645.600,0.026000000000000002
01.10.2013 08:35:00.000,8645.900,8647.300,8644.200,8645.400,0.032
01.10.2013 08:40:00.000,8647.400,8650.700,8647.000,8649.300,0.02
01.10.2013 08:45:00.000,8649.300,8649.300,8646.300,8646.500,0.027999999999999997
01.10.2013 08:50:00.000,8646.400,8651.600,8646.400,8651.600,0.042
01.10.2013 08:55:00.000,8651.700,8652.400,8649.500,8649.600,0.044
01.10.2013 09:00:00.000,8649.700,8655.400,8649.700,8654.300,0.044
01.10.2013 09:05:00.000,8654.200,8657.000,8647.000,8647.000,0.036000000000000004
01.10.2013 09:10:00.000,8644.700,8649.000,8644.700,8645.100,0.036000000000000004
01.10.2013 09:15:00.000,8646.400,8647.200,8635.600,8635.900,0.042
01.10.2013 09:20:00.000,8640.100,8643.600,8635.600,8643.600,0.04
01.10.2013 09:25:00.000,8643.600,8645.500,8639.700,8645.500,0.038000000000000006
01.10.2013 09:30:00.000,8644.200,8647.900,8644.200,8647.500,0.038000000000000006
01.10.2013 09:35:00.000,8647.600,8647.600,8640.900,8642.200,0.048
01.10.2013 09:40:00.000,8643.500,8646.500,8642.300,8646.500,0.064
01.10.2013 09:45:00.000,8647.200,8647.800,8643.500,8643.800,0.05800000000000001
01.10.2013 09:50:00.000,8643.700,8649.700,8643.400,8648.200,0.052000000000000005
01.10.2013 09:55:00.000,8647.600,8648.200,8643.200,8643.800,0.044
01.10.2013 10:00:00.000,8643.200,8646.200,8643.100,8644.600,0.056
01.10.2013 10:05:00.000,8645.300,8648.200,8645.200,8645.700,0.055999999999999994
01.10.2013 10:10:00.000,8644.800,8647.300,8643.500,8646.300,0.057999999999999996
01.10.2013 10:15:00.000,8646.500,8648.200,8646.300,8647.000,0.06999999999999999
01.10.2013 10:20:00.000,8647.100,8648.300,8644.100,8645.300,0.052000000000000005
01.10.2013 10:25:00.000,8644.900,8647.100,8644.700,8646.700,0.064
01.10.2013 10:30:00.000,8645.600,8648.000,8645.600,8648.000,0.052000000000000005
01.10.2013 10:35:00.000,8647.900,8647.900,8645.500,8646.300,0.056
01.10.2013 10:40:00.000,8646.300,8647.700,8646.100,8647.000,0.04000000000000001
01.10.2013 10:45:00.000,8646.300,8647.400,8644.800,8647.400,0.054
01.10.2013 10:50:00.000,8647.800,8648.500,8644.200,8645.400,0.036000000000000004
01.10.2013 10:55:00.000,8645.700,8645.800,8641.800,8641.900,0.05
01.10.2013 11:00:00.000,8641.900,8644.900,8641.600,8644.900,0.028000000000000004
01.10.2013 11:05:00.000,8644.300,8644.400,8642.200,8642.500,0.056
01.10.2013 11:10:00.000,8642.300,8643.700,8641.500,8643.400,0.046000000000000006
01.10.2013 11:15:00.000,8642.000,8643.000,8639.800,8641.500,0.04800000000000001
01.10.2013 11:20:00.000,8639.800,8642.000,8637.000,8641.000,0.056
01.10.2013 11:25:00.000,8640.500,8640.900,8637.100,8638.500,0.057999999999999996
01.10.2013 11:30:00.000,8639.100,8640.000,8637.000,8638.200,0.057999999999999996
01.10.2013 11:35:00.000,8638.500,8641.000,8636.400,8636.400,0.054
01.10.2013 11:40:00.000,8634.900,8638.100,8632.300,8635.300,0.052000000000000005
01.10.2013 11:45:00.000,8635.600,8640.400,8634.400,8638.600,0.058
01.10.2013 11:50:00.000,8638.900,8642.100,8637.900,8637.900,0.076
01.10.2013 11:55:00.000,8637.900,8639.800,8637.500,8639.000,0.057999999999999996
01.10.2013 12:00:00.000,8639.000,8640.600,8638.300,8638.300,0.054
01.10.2013 12:05:00.000,8638.000,8640.500,8638.000,8638.700,0.057999999999999996
01.10.2013 12:10:00.000,8638.800,8638.800,8631.100,8633.200,0.05
01.10.2013 12:15:00.000,8633.300,8633.600,8630.800,8633.200,0.05600000000000001
01.10.2013 12:20:00.000,8633.300,8636.100,8633.300,8635.300,0.066
01.10.2013 12:25:00.000,8634.100,8640.600,8633.800,8640.600,0.058
01.10.2013 12:30:00.000,8640.200,8642.800,8638.100,8638.100,0.048
01.10.2013 12:35:00.000,8637.900,8638.900,8634.400,8634.400,0.066
01.10.2013 12:40:00.000,8632.900,8637.400,8632.900,8634.400,0.07
01.10.2013 12:45:00.000,8632.400,8633.300,8630.500,8630.500,0.05399999999999999
01.10.2013 12:50:00.000,8629.800,8630.300,8625.800,8630.300,0.066
01.10.2013 12:55:00.000,8630.500,8634.200,8629.200,8634.200,0.06799999999999999
01.10.2013 13:00:00.000,8634.400,8635.200,8628.700,8629.100,0.046
01.10.2013 13:05:00.000,8629.700,8629.700,8619.900,8619.900,0.04
01.10.2013 13:10:00.000,8619.500,8619.500,8615.300,8616.400,0.046000000000000006
01.10.2013 13:15:00.000,8618.400,8618.600,8613.400,8615.300,0.048
01.10.2013 13:20:00.000,8615.200,8618.800,8615.200,8617.800,0.05
01.10.2013 13:25:00.000,8617.300,8617.500,8615.900,8616.800,0.05
01.10.2013 13:30:00.000,8618.900,8629.300,8618.800,8627.500,0.034
01.10.2013 13:35:00.000,8627.800,8635.300,8627.200,8633.800,0.05
01.10.2013 13:40:00.000,8633.000,8635.800,8632.000,8633.700,0.049999999999999996
01.10.2013 13:45:00.000,8632.800,8634.600,8630.400,8634.600,0.046000000000000006
01.10.2013 13:50:00.000,8634.100,8634.100,8626.900,8632.100,0.058
01.10.2013 13:55:00.000,8630.900,8630.900,8624.000,8624.000,0.044000000000000004
01.10.2013 14:00:00.000,8627.300,8633.800,8623.300,8633.400,0.03
01.10.2013 14:05:00.000,8633.500,8634.400,8631.600,8634.400,0.05399999999999999
01.10.2013 14:10:00.000,8633.200,8635.200,8632.500,8633.600,0.04
01.10.2013 14:15:00.000,8632.800,8642.300,8632.100,8639.100,0.052000000000000005
01.10.2013 14:20:00.000,8638.500,8648.800,8638.500,8648.600,0.036000000000000004
01.10.2013 14:25:00.000,8656.000,8656.000,8648.100,8650.400,0.038
01.10.2013 14:30:00.000,8651.000,8660.600,8651.000,8658.600,0.032
01.10.2013 14:35:00.000,8661.900,8662.800,8658.500,8662.800,0.04
01.10.2013 14:40:00.000,8662.900,8666.900,8661.000,8664.500,0.056
01.10.2013 14:45:00.000,8665.400,8667.800,8663.900,8663.900,0.026000000000000002
01.10.2013 14:50:00.000,8664.100,8670.800,8663.000,8669.800,0.04
01.10.2013 14:55:00.000,8670.400,8683.200,8670.400,8682.500,0.026000000000000002
01.10.2013 15:00:00.000,8682.400,8682.600,8678.600,8678.600,0.04
01.10.2013 15:05:00.000,8679.200,8686.900,8679.200,8686.600,0.024
01.10.2013 15:10:00.000,8686.500,8686.500,8683.800,8685.100,0.024
01.10.2013 15:15:00.000,8683.600,8685.200,8682.300,8684.500,0.022
01.10.2013 15:20:00.000,8684.500,8688.500,8682.500,8688.500,0.01
01.10.2013 15:25:00.000,8691.200,8691.200,8684.600,8684.600,0.008
01.10.2013 15:30:00.000,8684.600,8684.600,8684.600,8684.600,0
01.10.2013 15:35:00.000,8678.400,8686.200,8678.400,8686.200,0.006
01.10.2013 15:40:00.000,8686.200,8686.200,8686.200,8686.200,0
01.10.2013 15:45:00.000,8686.200,8686.200,8686.200,8686.200,0
01.10.2013 15:50:00.000,8686.200,8686.200,8686.200,8686.200,0
01.10.2013 15:55:00.000,8686.200,8686.200,8686.200,8686.200,0
01.10.2013 16:00:00.000,8686.200,8686.200,8686.200,8686.200,0
01.10.2013 16:05:00.000,8686.200,8686.200,8686.200,8686.200,0
01.10.2013 16:10:00.000,8686.200,8686.200,8686.200,8686.200,0
01.10.2013 16:15:00.000,8686.200,8686.200,8686.200,8686.200,0
01.10.2013 16:20:00.000,8686.200,8686.200,8686.200,8686.200,0
01.10.2013 16:25:00.000,8686.200,8686.200,8686.200,8686.200,0
01.10.2013 16:30:00.000,8686.200,8686.200,8686.200,8686.200,0
01.10.2013 16:35:00.000,8686.200,8686.200,8686.200,8686.200,0
01.10.2013 16:40:00.000,8686.200,8686.200,8686.200,8686.200,0
01.10.2013 16:45:00.000,8686.200,8686.200,8686.200,8686.200,0
01.10.2013 16:50:00.000,8686.200,8686.200,8686.200,8686.200,0
01.10.2013 16:55:00.000,8686.200,8686.200,8686.200,8686.200,0
01.10.2013 17:00:00.000,8686.200,8686.200,8686.200,8686.200,0
01.10.2013 17:05:00.000,8686.200,8686.200,8686.200,8686.200,0
01.10.2013 17:10:00.000,8686.200,8686.200,8686.200,8686.200,0
01.10.2013 17:15:00.000,8686.200,8686.200,8686.200,8686.200,0
01.10.2013 17:20:00.000,8686.200,8686.200,8686.200,8686.200,0
01.10.2013 17:25:00.000,8686.200,8686.200,8686.200,8686.200,0
01.10.2013 17:30:00.000,8686.200,8686.200,8686.200,8686.200,0
01.10.2013 17:35:00.000,8686.200,8686.200,8686.200,8686.200,0
01.10.2013 17:40:00.000,8686.200,8686.200,8686.200,8686.200,0
01.10.2013 17:45:00.000,8686.200,8686.200,8686.200,8686.200,0
01.10.2013 17:50:00.000,8686.200,8686.200,8686.200,8686.200,0
01.10.2013 17:55:00.000,8686.200,8686.200,8686.200,8686.200,0
01.10.2013 18:00:00.000,8686.200,8686.200,8686.200,8686.200,0
01.10.2013 18:05:00.000,8686.200,8686.200,8686.200,8686.200,0
01.10.2013 18:10:00.000,8686.200,8686.200,8686.200,8686.200,0
01.10.2013 18:15:00.000,8686.200,8686.200,8686.200,8686.200,0
01.10.2013 18:20:00.000,8686.200,8686.200,8686.200,8686.200,0
01.10.2013 18:25:00.000,8686.200,8686.200,8686.200,8686.200,0
01.10.2013 18:30:00.000,8686.200,8686.200,8686.200,8686.200,0
01.10.2013 18:35:00.000,8686.200,8686.200,8686.200,8686.200,0
01.10.2013 18:40:00.000,8686.200,8686.200,8686.200,8686.200,0
01.10.2013 18:45:00.000,8686.200,8686.200,8686.200,8686.200,0
01.10.2013 18:50:00.000,8686.200,8686.200,8686.200,8686.200,0
01.10.2013 18:55:00.000,8686.200,8686.200,8686.200,8686.200,0
01.10.2013 19:00:00.000,8686.200,8686.200,8686.200,8686.200,0
01.10.2013 19:05:00.000,8686.200,8686.200,8686.200,8686.200,0
01.10.2013 19:10:00.000,8686.200,8686.200,8686.200,8686.200,0
01.10.2013 19:15:00.000,8686.200,8686.200,8686.200,8686.200,0
01.10.2013 19:20:00.000,8686.200,8686.200,8686.200,8686.200,0
01.10.2013 19:25:00.000,8686.200,8686.200,8686.200,8686.200,0
01.10.2013 19:30:00.000,8686.200,8686.200,8686.200,8686.200,0
01.10.2013 19:35:00.000,8686.200,8686.200,8686.200,8686.200,0
01.10.2013 19:40:00.000,8686.200,8686.200,8686.200,8686.200,0
01.10.2013 19:45:00.000,8686.200,8686.200,8686.200,8686.200,0
01.10.2013 19:50:00.000,8686.200,8686.200,8686.200,8686.200,0
01.10.2013 19:55:00.000,8686.200,8686.200,8686.200,8686.200,0
01.10.2013 20:00:00.000,8686.200,8686.200,8686.200,8686.200,0
01.10.2013 20:05:00.000,8686.200,8686.200,8686.200,8686.200,0
01.10.2013 20:10:00.000,8686.200,8686.200,8686.200,8686.200,0
01.10.2013 20:15:00.000,8686.200,8686.200,8686.200,8686.200,0
01.10.2013 20:20:00.000,8686.200,8686.200,8686.200,8686.200,0
01.10.2013 20:25:00.000,8686.200,8686.200,8686.200,8686.200,0
01.10.2013 20:30:00.000,8686.200,8686.200,8686.200,8686.200,0
01.10.2013 20:35:00.000,8686.200,8686.200,8686.200,8686.200,0
01.10.2013 20:40:00.000,8686.200,8686.200,8686.200,8686.200,0
01.10.2013 20:45:00.000,8686.200,8686.200,8686.200,8686.200,0
01.10.2013 20:50:00.000,8686.200,8686.200,8686.200,8686.200,0
01.10.2013 20:55:00.000,8686.200,8686.200,8686.200,8686.200,0
01.10.2013 21:00:00.000,8686.200,8686.200,8686.200,8686.200,0
01.10.2013 21:05:00.000,8686.200,8686.200,8686.200,8686.200,0
01.10.2013 21:10:00.000,8686.200,8686.200,8686.200,8686.200,0
01.10.2013 21:15:00.000,8686.200,8686.200,8686.200,8686.200,0
01.10.2013 21:20:00.000,8686.200,8686.200,8686.200,8686.200,0
01.10.2013 21:25:00.000,8686.200,8686.200,8686.200,8686.200,0
01.10.2013 21:30:00.000,8686.200,8686.200,8686.200,8686.200,0
01.10.2013 21:35:00.000,8686.200,8686.200,8686.200,8686.200,0
01.10.2013 21:40:00.000,8686.200,8686.200,8686.200,8686.200,0
01.10.2013 21:45:00.000,8686.200,8686.200,8686.200,8686.200,0
01.10.2013 21:50:00.000,8686.200,8686.200,8686.200,8686.200,0
01.10.2013 21:55:00.000,8686.200,8686.200,8686.200,8686.200,0
01.10.2013 22:00:00.000,8686.200,8686.200,8686.200,8686.200,0
01.10.2013 22:05:00.000,8686.200,8686.200,8686.200,8686.200,0
01.10.2013 22:10:00.000,8686.200,8686.200,8686.200,8686.200,0
01.10.2013 22:15:00.000,8686.200,8686.200,8686.200,8686.200,0
01.10.2013 22:20:00.000,8686.200,8686.200,8686.200,8686.200,0
01.10.2013 22:25:00.000,8686.200,8686.200,8686.200,8686.200,0
01.10.2013 22:30:00.000,8686.200,8686.200,8686.200,8686.200,0
01.10.2013 22:35:00.000,8686.200,8686.200,8686.200,8686.200,0
01.10.2013 22:40:00.000,8686.200,8686.200,8686.200,8686.200,0
01.10.2013 22:45:00.000,8686.200,8686.200,8686.200,8686.200,0
01.10.2013 22:50:00.000,8686.200,8686.200,8686.200,8686.200,0
01.10.2013 22:55:00.000,8686.200,8686.200,8686.200,8686.200,0
01.10.2013 23:00:00.000,8686.200,8686.200,8686.200,8686.200,0
01.10.2013 23:05:00.000,8686.200,8686.200,8686.200,8686.200,0
01.10.2013 23:10:00.000,8686.200,8686.200,8686.200,8686.200,0
01.10.2013 23:15:00.000,8686.200,8686.200,8686.200,8686.200,0
01.10.2013 23:20:00.000,8686.200,8686.200,8686.200,8686.200,0
01.10.2013 23:25:00.000,8686.200,8686.200,8686.200,8686.200,0
01.10.2013 23:30:00.000,8686.200,8686.200,8686.200,8686.200,0
01.10.2013 23:35:00.000,8686.200,8686.200,8686.200,8686.200,0
01.10.2013 23:40:00.000,8686.200,8686.200,8686.200,8686.200,0
01.10.2013 23:45:00.000,8686.200,8686.200,8686.200,8686.200,0
01.10.2013 23:50:00.000,8686.200,8686.200,8686.200,8686.200,0
01.10.2013 23:55:00.000,8686.200,8686.200,8686.200,8686.200,0
02.10.2013 00:00:00.000,8686.200,8686.200,8686.200,8686.200,0
02.10.2013 00:05:00.000,8686.200,8686.200,8686.200,8686.200,0
02.10.2013 00:10:00.000,8686.200,8686.200,8686.200,8686.200,0
02.10.2013 00:15:00.000,8686.200,8686.200,8686.200,8686.200,0
02.10.2013 00:20:00.000,8686.200,8686.200,8686.200,8686.200,0
02.10.2013 00:25:00.000,8686.200,8686.200,8686.200,8686.200,0
02.10.2013 00:30:00.000,8686.200,8686.200,8686.200,8686.200,0
02.10.2013 00:35:00.000,8686.200,8686.200,8686.200,8686.200,0
02.10.2013 00:40:00.000,8686.200,8686.200,8686.200,8686.200,0
02.10.2013 00:45:00.000,8686.200,8686.200,8686.200,8686.200,0
02.10.2013 00:50:00.000,8686.200,8686.200,8686.200,8686.200,0
02.10.2013 00:55:00.000,8686.200,8686.200,8686.200,8686.200,0
02.10.2013 01:00:00.000,8686.200,8686.200,8686.200,8686.200,0
02.10.2013 01:05:00.000,8686.200,8686.200,8686.200,8686.200,0
02.10.2013 01:10:00.000,8686.200,8686.200,8686.200,8686.200,0
02.10.2013 01:15:00.000,8686.200,8686.200,8686.200,8686.200,0
02.10.2013 01:20:00.000,8686.200,8686.200,8686.200,8686.200,0
02.10.2013 01:25:00.000,8686.200,8686.200,8686.200,8686.200,0
02.10.2013 01:30:00.000,8686.200,8686.200,8686.200,8686.200,0
02.10.2013 01:35:00.000,8686.200,8686.200,8686.200,8686.200,0
02.10.2013 01:40:00.000,8686.200,8686.200,8686.200,8686.200,0
02.10.2013 01:45:00.000,8686.200,8686.200,8686.200,8686.200,0
02.10.2013 01:50:00.000,8686.200,8686.200,8686.200,8686.200,0
02.10.2013 01:55:00.000,8686.200,8686.200,8686.200,8686.200,0
02.10.2013 02:00:00.000,8686.200,8686.200,8686.200,8686.200,0
02.10.2013 02:05:00.000,8686.200,8686.200,8686.200,8686.200,0
02.10.2013 02:10:00.000,8686.200,8686.200,8686.200,8686.200,0
02.10.2013 02:15:00.000,8686.200,8686.200,8686.200,8686.200,0
02.10.2013 02:20:00.000,8686.200,8686.200,8686.200,8686.200,0
02.10.2013 02:25:00.000,8686.200,8686.200,8686.200,8686.200,0
02.10.2013 02:30:00.000,8686.200,8686.200,8686.200,8686.200,0
02.10.2013 02:35:00.000,8686.200,8686.200,8686.200,8686.200,0
02.10.2013 02:40:00.000,8686.200,8686.200,8686.200,8686.200,0
02.10.2013 02:45:00.000,8686.200,8686.200,8686.200,8686.200,0
02.10.2013 02:50:00.000,8686.200,8686.200,8686.200,8686.200,0
02.10.2013 02:55:00.000,8686.200,8686.200,8686.200,8686.200,0
02.10.2013 03:00:00.000,8686.200,8686.200,8686.200,8686.200,0
02.10.2013 03:05:00.000,8686.200,8686.200,8686.200,8686.200,0
02.10.2013 03:10:00.000,8686.200,8686.200,8686.200,8686.200,0
02.10.2013 03:15:00.000,8686.200,8686.200,8686.200,8686.200,0
02.10.2013 03:20:00.000,8686.200,8686.200,8686.200,8686.200,0
02.10.2013 03:25:00.000,8686.200,8686.200,8686.200,8686.200,0
02.10.2013 03:30:00.000,8686.200,8686.200,8686.200,8686.200,0
02.10.2013 03:35:00.000,8686.200,8686.200,8686.200,8686.200,0
02.10.2013 03:40:00.000,8686.200,8686.200,8686.200,8686.200,0
02.10.2013 03:45:00.000,8686.200,8686.200,8686.200,8686.200,0
02.10.2013 03:50:00.000,8686.200,8686.200,8686.200,8686.200,0
02.10.2013 03:55:00.000,8686.200,8686.200,8686.200,8686.200,0
02.10.2013 04:00:00.000,8686.200,8686.200,8686.200,8686.200,0
02.10.2013 04:05:00.000,8686.200,8686.200,8686.200,8686.200,0
02.10.2013 04:10:00.000,8686.200,8686.200,8686.200,8686.200,0
02.10.2013 04:15:00.000,8686.200,8686.200,8686.200,8686.200,0
02.10.2013 04:20:00.000,8686.200,8686.200,8686.200,8686.200,0
02.10.2013 04:25:00.000,8686.200,8686.200,8686.200,8686.200,0
02.10.2013 04:30:00.000,8686.200,8686.200,8686.200,8686.200,0
02.10.2013 04:35:00.000,8686.200,8686.200,8686.200,8686.200,0
02.10.2013 04:40:00.000,8686.200,8686.200,8686.200,8686.200,0
02.10.2013 04:45:00.000,8686.200,8686.200,8686.200,8686.200,0
02.10.2013 04:50:00.000,8686.200,8686.200,8686.200,8686.200,0
02.10.2013 04:55:00.000,8686.200,8686.200,8686.200,8686.200,0
02.10.2013 05:00:00.000,8686.200,8686.200,8686.200,8686.200,0
02.10.2013 05:05:00.000,8686.200,8686.200,8686.200,8686.200,0
02.10.2013 05:10:00.000,8686.200,8686.200,8686.200,8686.200,0
02.10.2013 05:15:00.000,8686.200,8686.200,8686.200,8686.200,0
02.10.2013 05:20:00.000,8686.200,8686.200,8686.200,8686.200,0
02.10.2013 05:25:00.000,8686.200,8686.200,8686.200,8686.200,0
02.10.2013 05:30:00.000,8686.200,8686.200,8686.200,8686.200,0
02.10.2013 05:35:00.000,8686.200,8686.200,8686.200,8686.200,0
02.10.2013 05:40:00.000,8686.200,8686.200,8686.200,8686.200,0
02.10.2013 05:45:00.000,8686.200,8686.200,8686.200,8686.200,0
02.10.2013 05:50:00.000,8686.200,8686.200,8686.200,8686.200,0
02.10.2013 05:55:00.000,8686.200,8686.200,8686.200,8686.200,0
02.10.2013 06:00:00.000,8686.200,8686.200,8686.200,8686.200,0
02.10.2013 06:05:00.000,8686.200,8686.200,8686.200,8686.200,0
02.10.2013 06:10:00.000,8686.200,8686.200,8686.200,8686.200,0
02.10.2013 06:15:00.000,8686.200,8686.200,8686.200,8686.200,0
02.10.2013 06:20:00.000,8686.200,8686.200,8686.200,8686.200,0
02.10.2013 06:25:00.000,8686.200,8686.200,8686.200,8686.200,0
02.10.2013 06:30:00.000,8686.200,8686.200,8686.200,8686.200,0
02.10.2013 06:35:00.000,8686.200,8686.200,8686.200,8686.200,0
02.10.2013 06:40:00.000,8686.200,8686.200,8686.200,8686.200,0
02.10.2013 06:45:00.000,8686.200,8686.200,8686.200,8686.200,0
02.10.2013 06:50:00.000,8686.200,8686.200,8686.200,8686.200,0
02.10.2013 06:55:00.000,8686.200,8686.200,8686.200,8686.200,0
02.10.2013 07:00:00.000,8686.200,8686.200,8651.700,8651.700,0.004
02.10.2013 07:05:00.000,8653.600,8657.500,8652.300,8652.300,0.01
02.10.2013 07:10:00.000,8654.800,8656.700,8651.200,8653.500,0.022
02.10.2013 07:15:00.000,8653.500,8653.500,8638.500,8640.100,0.004
02.10.2013 07:20:00.000,8639.600,8640.000,8637.300,8638.800,0.016
02.10.2013 07:25:00.000,8638.800,8638.800,8636.500,8636.500,0.01
02.10.2013 07:30:00.000,8636.100,8637.100,8632.500,8633.400,0.034
02.10.2013 07:35:00.000,8633.400,8633.400,8624.900,8624.900,0.012
02.10.2013 07:40:00.000,8625.700,8634.000,8625.700,8634.000,0.016
02.10.2013 07:45:00.000,8630.200,8630.700,8627.700,8630.700,0.046
02.10.2013 07:50:00.000,8632.000,8637.200,8632.000,8634.900,0.042
02.10.2013 07:55:00.000,8634.600,8634.600,8628.400,8628.800,0.036000000000000004
02.10.2013 08:00:00.000,8629.500,8639.200,8627.500,8639.200,0.044
02.10.2013 08:05:00.000,8638.500,8641.500,8637.000,8639.800,0.028
02.10.2013 08:10:00.000,8639.800,8642.400,8638.200,8642.400,0.024
02.10.2013 08:15:00.000,8640.400,8641.800,8638.800,8641.800,0.04
02.10.2013 08:20:00.000,8642.400,8642.400,8634.200,8635.000,0.038
02.10.2013 08:25:00.000,8634.900,8636.100,8632.100,8633.400,0.05
02.10.2013 08:30:00.000,8636.200,8638.200,8633.600,8638.200,0.052000000000000005
02.10.2013 08:35:00.000,8637.600,8642.900,8637.400,8641.200,0.044
02.10.2013 08:40:00.000,8640.200,8640.200,8637.100,8637.100,0.032
02.10.2013 08:45:00.000,8633.800,8637.700,8633.800,8636.800,0.041999999999999996
02.10.2013 08:50:00.000,8636.700,8636.700,8632.600,8632.600,0.038
02.10.2013 08:55:00.000,8631.800,8638.600,8631.800,8638.100,0.032
02.10.2013 09:00:00.000,8637.500,8640.400,8634.500,8640.100,0.052
02.10.2013 09:05:00.000,8641.300,8646.700,8641.300,8643.900,0.041999999999999996
02.10.2013 09:10:00.000,8644.900,8647.500,8640.500,8640.500,0.044000000000000004
02.10.2013 09:15:00.000,8641.100,8644.000,8641.100,8644.000,0.04
02.10.2013 09:20:00.000,8644.700,8648.600,8644.700,8644.900,0.044000000000000004
02.10.2013 09:25:00.000,8646.100,8647.300,8644.000,8646.800,0.054000000000000006
02.10.2013 09:30:00.000,8647.000,8648.300,8645.500,8647.900,0.058
02.10.2013 09:35:00.000,8648.100,8656.900,8648.100,8656.900,0.046
02.10.2013 09:40:00.000,8656.700,8658.300,8655.500,8657.700,0.052000000000000005
02.10.2013 09:45:00.000,8657.700,8657.700,8655.000,8655.000,0.038
02.10.2013 09:50:00.000,8653.700,8655.100,8645.600,8645.900,0.056
02.10.2013 09:55:00.000,8645.900,8645.900,8630.600,8639.400,0.024
02.10.2013 10:00:00.000,8641.400,8648.000,8637.800,8643.000,0.044000000000000004
02.10.2013 10:05:00.000,8646.500,8648.500,8643.400,8647.800,0.06799999999999999
02.10.2013 10:10:00.000,8648.000,8649.000,8641.800,8644.600,0.056
02.10.2013 10:15:00.000,8645.200,8645.200,8640.500,8642.100,0.07
02.10.2013 10:20:00.000,8642.300,8647.300,8642.300,8644.400,0.05199999999999999
02.10.2013 10:25:00.000,8644.200,8646.700,8643.300,8644.400,0.066
02.10.2013 10:30:00.000,8644.200,8649.100,8644.200,8648.900,0.064
02.10.2013 10:35:00.000,8648.500,8648.800,8640.800,8641.000,0.046
02.10.2013 10:40:00.000,8639.900,8640.300,8635.300,8636.500,0.048
02.10.2013 10:45:00.000,8636.600,8641.300,8636.600,8638.200,0.046
02.10.2013 10:50:00.000,8638.400,8642.000,8637.900,8641.600,0.05
02.10.2013 10:55:00.000,8641.900,8645.100,8640.300,8643.700,0.062
02.10.2013 11:00:00.000,8645.200,8645.200,8640.200,8644.500,0.036
02.10.2013 11:05:00.000,8644.400,8647.800,8644.100,8647.100,0.04800000000000001
02.10.2013 11:10:00.000,8646.900,8649.200,8645.900,8646.200,0.064
02.10.2013 11:15:00.000,8646.300,8646.800,8645.400,8645.400,0.056
02.10.2013 11:20:00.000,8644.400,8646.400,8644.200,8645.400,0.062
02.10.2013 11:25:00.000,8645.500,8655.300,8645.500,8652.400,0.05
02.10.2013 11:30:00.000,8652.200,8662.200,8650.800,8662.200,0.04000000000000001
02.10.2013 11:35:00.000,8670.900,8670.900,8661.100,8663.300,0.048
02.10.2013 11:40:00.000,8663.600,8663.600,8658.300,8662.000,0.062
02.10.2013 11:45:00.000,8661.500,8662.400,8658.500,8661.200,0.064
02.10.2013 11:50:00.000,8661.100,8661.600,8656.300,8658.700,0.056
02.10.2013 11:55:00.000,8658.900,8659.100,8654.000,8654.200,0.044
02.10.2013 12:00:00.000,8653.500,8653.500,8651.000,8653.400,0.048
02.10.2013 12:05:00.000,8653.900,8654.600,8650.800,8651.800,0.048
02.10.2013 12:10:00.000,8652.400,8652.900,8650.800,8652.400,0.06199999999999999
02.10.2013 12:15:00.000,8652.300,8652.300,8641.700,8643.400,0.046000000000000006
02.10.2013 12:20:00.000,8643.600,8643.600,8637.900,8641.000,0.068
02.10.2013 12:25:00.000,8640.600,8640.600,8637.000,8640.300,0.066
02.10.2013 12:30:00.000,8639.700,8648.300,8639.600,8648.300,0.058
02.10.2013 12:35:00.000,8648.200,8648.900,8641.700,8641.700,0.049999999999999996
02.10.2013 12:40:00.000,8641.300,8644.100,8639.500,8643.300,0.05600000000000001
02.10.2013 12:45:00.000,8642.300,8645.700,8641.200,8642.600,0.054000000000000006
02.10.2013 12:50:00.000,8641.800,8642.600,8634.700,8636.200,0.046
02.10.2013 12:55:00.000,8635.800,8641.200,8635.800,8637.500,0.048
02.10.2013 13:00:00.000,8637.500,8637.700,8633.000,8633.000,0.034
02.10.2013 13:05:00.000,8633.400,8637.400,8631.900,8636.700,0.05399999999999999
02.10.2013 13:10:00.000,8636.400,8643.600,8635.900,8642.400,0.044
02.10.2013 13:15:00.000,8642.000,8642.000,8638.000,8638.000,0.046000000000000006
02.10.2013 13:20:00.000,8638.000,8639.700,8635.700,8639.700,0.060000000000000005
02.10.2013 13:25:00.000,8640.000,8640.000,8634.900,8634.900,0.054
02.10.2013 13:30:00.000,8635.900,8640.900,8630.900,8631.800,0.038
02.10.2013 13:35:00.000,8633.700,8641.900,8633.700,8637.400,0.044000000000000004
02.10.2013 13:40:00.000,8636.900,8637.300,8631.400,8633.700,0.049999999999999996
02.10.2013 13:45:00.000,8633.800,8636.600,8627.700,8629.100,0.03
02.10.2013 13:50:00.000,8630.900,8634.300,8625.800,8630.600,0.048
02.10.2013 13:55:00.000,8630.700,8632.100,8626.200,8629.500,0.046
02.10.2013 14:00:00.000,8625.300,8627.500,8625.200,8627.500,0.028
02.10.2013 14:05:00.000,8627.100,8628.100,8596.900,8596.900,0.042
02.10.2013 14:10:00.000,8590.600,8590.600,8586.600,8587.900,0.006
02.10.2013 14:15:00.000,8592.600,8598.200,8592.400,8597.800,0.024
02.10.2013 14:20:00.000,8595.500,8597.400,8593.400,8595.100,0.04
02.10.2013 14:25:00.000,8595.200,8595.300,8589.300,8589.300,0.038
02.10.2013 14:30:00.000,8589.800,8589.800,8585.300,8589.100,0.046
02.10.2013 14:35:00.000,8589.500,8598.400,8587.300,8598.400,0.032
02.10.2013 14:40:00.000,8599.300,8601.100,8598.700,8598.900,0.044000000000000004
02.10.2013 14:45:00.000,8599.900,8600.600,8597.700,8598.900,0.062000000000000006
02.10.2013 14:50:00.000,8599.300,8607.000,8598.600,8606.400,0.04
02.10.2013 14:55:00.000,8606.300,8617.100,8606.300,8615.400,0.032
02.10.2013 15:00:00.000,8615.000,8615.000,8607.400,8607.400,0.042
02.10.2013 15:05:00.000,8607.600,8611.700,8607.600,8611.300,0.034
02.10.2013 15:10:00.000,8608.800,8615.900,8608.800,8615.900,0.034
02.10.2013 15:15:00.000,8619.000,8630.800,8619.000,8628.900,0.022
02.10.2013 15:20:00.000,8628.400,8628.400,8625.400,8625.400,0.02
02.10.2013 15:25:00.000,8625.400,8629.000,8625.400,8626.900,0.004
02.10.2013 15:30:00.000,8626.900,8626.900,8626.900,8626.900,0
02.10.2013 15:35:00.000,8628.100,8628.100,8628.100,8628.100,0.002
02.10.2013 15:40:00.000,8628.100,8628.100,8628.100,8628.100,0
02.10.2013 15:45:00.000,8628.100,8628.100,8628.100,8628.100,0
02.10.2013 15:50:00.000,8628.100,8628.100,8628.100,8628.100,0
02.10.2013 15:55:00.000,8628.100,8628.100,8628.100,8628.100,0
02.10.2013 16:00:00.000,8628.100,8628.100,8628.100,8628.100,0
02.10.2013 16:05:00.000,8628.100,8628.100,8628.100,8628.100,0
02.10.2013 16:10:00.000,8628.100,8628.100,8628.100,8628.100,0
02.10.2013 16:15:00.000,8628.100,8628.100,8628.100,8628.100,0
02.10.2013 16:20:00.000,8628.100,8628.100,8628.100,8628.100,0
02.10.2013 16:25:00.000,8628.100,8628.100,8628.100,8628.100,0
02.10.2013 16:30:00.000,8628.100,8628.100,8628.100,8628.100,0
02.10.2013 16:35:00.000,8628.100,8628.100,8628.100,8628.100,0
02.10.2013 16:40:00.000,8628.100,8628.100,8628.100,8628.100,0
02.10.2013 16:45:00.000,8628.100,8628.100,8628.100,8628.100,0
02.10.2013 16:50:00.000,8628.100,8628.100,8628.100,8628.100,0
02.10.2013 16:55:00.000,8628.100,8628.100,8628.100,8628.100,0
02.10.2013 17:00:00.000,8628.100,8628.100,8628.100,8628.100,0
02.10.2013 17:05:00.000,8628.100,8628.100,8628.100,8628.100,0
02.10.2013 17:10:00.000,8628.100,8628.100,8628.100,8628.100,0
02.10.2013 17:15:00.000,8628.100,8628.100,8628.100,8628.100,0
02.10.2013 17:20:00.000,8628.100,8628.100,8628.100,8628.100,0
02.10.2013 17:25:00.000,8628.100,8628.100,8628.100,8628.100,0
02.10.2013 17:30:00.000,8628.100,8628.100,8628.100,8628.100,0
02.10.2013 17:35:00.000,8628.100,8628.100,8628.100,8628.100,0
02.10.2013 17:40:00.000,8628.100,8628.100,8628.100,8628.100,0
02.10.2013 17:45:00.000,8628.100,8628.100,8628.100,8628.100,0
02.10.2013 17:50:00.000,8628.100,8628.100,8628.100,8628.100,0
02.10.2013 17:55:00.000,8628.100,8628.100,8628.100,8628.100,0
02.10.2013 18:00:00.000,8628.100,8628.100,8628.100,8628.100,0
02.10.2013 18:05:00.000,8628.100,8628.100,8628.100,8628.100,0
02.10.2013 18:10:00.000,8628.100,8628.100,8628.100,8628.100,0
02.10.2013 18:15:00.000,8628.100,8628.100,8628.100,8628.100,0
02.10.2013 18:20:00.000,8628.100,8628.100,8628.100,8628.100,0
02.10.2013 18:25:00.000,8628.100,8628.100,8628.100,8628.100,0
02.10.2013 18:30:00.000,8628.100,8628.100,8628.100,8628.100,0
02.10.2013 18:35:00.000,8628.100,8628.100,8628.100,8628.100,0
02.10.2013 18:40:00.000,8628.100,8628.100,8628.100,8628.100,0
02.10.2013 18:45:00.000,8628.100,8628.100,8628.100,8628.100,0
02.10.2013 18:50:00.000,8628.100,8628.100,8628.100,8628.100,0
02.10.2013 18:55:00.000,8628.100,8628.100,8628.100,8628.100,0
02.10.2013 19:00:00.000,8628.100,8628.100,8628.100,8628.100,0
02.10.2013 19:05:00.000,8628.100,8628.100,8628.100,8628.100,0
02.10.2013 19:10:00.000,8628.100,8628.100,8628.100,8628.100,0
02.10.2013 19:15:00.000,8628.100,8628.100,8628.100,8628.100,0
02.10.2013 19:20:00.000,8628.100,8628.100,8628.100,8628.100,0
02.10.2013 19:25:00.000,8628.100,8628.100,8628.100,8628.100,0
02.10.2013 19:30:00.000,8628.100,8628.100,8628.100,8628.100,0
02.10.2013 19:35:00.000,8628.100,8628.100,8628.100,8628.100,0
02.10.2013 19:40:00.000,8628.100,8628.100,8628.100,8628.100,0
02.10.2013 19:45:00.000,8628.100,8628.100,8628.100,8628.100,0
02.10.2013 19:50:00.000,8628.100,8628.100,8628.100,8628.100,0
02.10.2013 19:55:00.000,8628.100,8628.100,8628.100,8628.100,0
02.10.2013 20:00:00.000,8628.100,8628.100,8628.100,8628.100,0
02.10.2013 20:05:00.000,8628.100,8628.100,8628.100,8628.100,0
02.10.2013 20:10:00.000,8628.100,8628.100,8628.100,8628.100,0
02.10.2013 20:15:00.000,8628.100,8628.100,8628.100,8628.100,0
02.10.2013 20:20:00.000,8628.100,8628.100,8628.100,8628.100,0
02.10.2013 20:25:00.000,8628.100,8628.100,8628.100,8628.100,0
02.10.2013 20:30:00.000,8628.100,8628.100,8628.100,8628.100,0
02.10.2013 20:35:00.000,8628.100,8628.100,8628.100,8628.100,0
02.10.2013 20:40:00.000,8628.100,8628.100,8628.100,8628.100,0
02.10.2013 20:45:00.000,8628.100,8628.100,8628.100,8628.100,0
02.10.2013 20:50:00.000,8628.100,8628.100,8628.100,8628.100,0
02.10.2013 20:55:00.000,8628.100,8628.100,8628.100,8628.100,0
02.10.2013 21:00:00.000,8628.100,8628.100,8628.100,8628.100,0
02.10.2013 21:05:00.000,8628.100,8628.100,8628.100,8628.100,0
02.10.2013 21:10:00.000,8628.100,8628.100,8628.100,8628.100,0
02.10.2013 21:15:00.000,8628.100,8628.100,8628.100,8628.100,0
02.10.2013 21:20:00.000,8628.100,8628.100,8628.100,8628.100,0
02.10.2013 21:25:00.000,8628.100,8628.100,8628.100,8628.100,0
02.10.2013 21:30:00.000,8628.100,8628.100,8628.100,8628.100,0
02.10.2013 21:35:00.000,8628.100,8628.100,8628.100,8628.100,0
02.10.2013 21:40:00.000,8628.100,8628.100,8628.100,8628.100,0
02.10.2013 21:45:00.000,8628.100,8628.100,8628.100,8628.100,0
02.10.2013 21:50:00.000,8628.100,8628.100,8628.100,8628.100,0
02.10.2013 21:55:00.000,8628.100,8628.100,8628.100,8628.100,0
02.10.2013 22:00:00.000,8628.100,8628.100,8628.100,8628.100,0
02.10.2013 22:05:00.000,8628.100,8628.100,8628.100,8628.100,0
02.10.2013 22:10:00.000,8628.100,8628.100,8628.100,8628.100,0
02.10.2013 22:15:00.000,8628.100,8628.100,8628.100,8628.100,0
02.10.2013 22:20:00.000,8628.100,8628.100,8628.100,8628.100,0
02.10.2013 22:25:00.000,8628.100,8628.100,8628.100,8628.100,0
02.10.2013 22:30:00.000,8628.100,8628.100,8628.100,8628.100,0
02.10.2013 22:35:00.000,8628.100,8628.100,8628.100,8628.100,0
02.10.2013 22:40:00.000,8628.100,8628.100,8628.100,8628.100,0
02.10.2013 22:45:00.000,8628.100,8628.100,8628.100,8628.100,0
02.10.2013 22:50:00.000,8628.100,8628.100,8628.100,8628.100,0
02.10.2013 22:55:00.000,8628.100,8628.100,8628.100,8628.100,0
02.10.2013 23:00:00.000,8628.100,8628.100,8628.100,8628.100,0
02.10.2013 23:05:00.000,8628.100,8628.100,8628.100,8628.100,0
02.10.2013 23:10:00.000,8628.100,8628.100,8628.100,8628.100,0
02.10.2013 23:15:00.000,8628.100,8628.100,8628.100,8628.100,0
02.10.2013 23:20:00.000,8628.100,8628.100,8628.100,8628.100,0
02.10.2013 23:25:00.000,8628.100,8628.100,8628.100,8628.100,0
02.10.2013 23:30:00.000,8628.100,8628.100,8628.100,8628.100,0
02.10.2013 23:35:00.000,8628.100,8628.100,8628.100,8628.100,0
02.10.2013 23:40:00.000,8628.100,8628.100,8628.100,8628.100,0
02.10.2013 23:45:00.000,8628.100,8628.100,8628.100,8628.100,0
02.10.2013 23:50:00.000,8628.100,8628.100,8628.100,8628.100,0
02.10.2013 23:55:00.000,8628.100,8628.100,8628.100,8628.100,0
03.10.2013 00:00:00.000,8628.100,8628.100,8628.100,8628.100,0
03.10.2013 00:05:00.000,8628.100,8628.100,8628.100,8628.100,0
03.10.2013 00:10:00.000,8628.100,8628.100,8628.100,8628.100,0
03.10.2013 00:15:00.000,8628.100,8628.100,8628.100,8628.100,0
03.10.2013 00:20:00.000,8628.100,8628.100,8628.100,8628.100,0
03.10.2013 00:25:00.000,8628.100,8628.100,8628.100,8628.100,0
03.10.2013 00:30:00.000,8628.100,8628.100,8628.100,8628.100,0
03.10.2013 00:35:00.000,8628.100,8628.100,8628.100,8628.100,0
03.10.2013 00:40:00.000,8628.100,8628.100,8628.100,8628.100,0
03.10.2013 00:45:00.000,8628.100,8628.100,8628.100,8628.100,0
03.10.2013 00:50:00.000,8628.100,8628.100,8628.100,8628.100,0
03.10.2013 00:55:00.000,8628.100,8628.100,8628.100,8628.100,0
03.10.2013 01:00:00.000,8628.100,8628.100,8628.100,8628.100,0
03.10.2013 01:05:00.000,8628.100,8628.100,8628.100,8628.100,0
03.10.2013 01:10:00.000,8628.100,8628.100,8628.100,8628.100,0
03.10.2013 01:15:00.000,8628.100,8628.100,8628.100,8628.100,0
03.10.2013 01:20:00.000,8628.100,8628.100,8628.100,8628.100,0
03.10.2013 01:25:00.000,8628.100,8628.100,8628.100,8628.100,0
03.10.2013 01:30:00.000,8628.100,8628.100,8628.100,8628.100,0
03.10.2013 01:35:00.000,8628.100,8628.100,8628.100,8628.100,0
03.10.2013 01:40:00.000,8628.100,8628.100,8628.100,8628.100,0
03.10.2013 01:45:00.000,8628.100,8628.100,8628.100,8628.100,0
03.10.2013 01:50:00.000,8628.100,8628.100,8628.100,8628.100,0
03.10.2013 01:55:00.000,8628.100,8628.100,8628.100,8628.100,0
03.10.2013 02:00:00.000,8628.100,8628.100,8628.100,8628.100,0
03.10.2013 02:05:00.000,8628.100,8628.100,8628.100,8628.100,0
03.10.2013 02:10:00.000,8628.100,8628.100,8628.100,8628.100,0
03.10.2013 02:15:00.000,8628.100,8628.100,8628.100,8628.100,0
03.10.2013 02:20:00.000,8628.100,8628.100,8628.100,8628.100,0
03.10.2013 02:25:00.000,8628.100,8628.100,8628.100,8628.100,0
03.10.2013 02:30:00.000,8628.100,8628.100,8628.100,8628.100,0
03.10.2013 02:35:00.000,8628.100,8628.100,8628.100,8628.100,0
03.10.2013 02:40:00.000,8628.100,8628.100,8628.100,8628.100,0
03.10.2013 02:45:00.000,8628.100,8628.100,8628.100,8628.100,0
03.10.2013 02:50:00.000,8628.100,8628.100,8628.100,8628.100,0
03.10.2013 02:55:00.000,8628.100,8628.100,8628.100,8628.100,0
03.10.2013 03:00:00.000,8628.100,8628.100,8628.100,8628.100,0
03.10.2013 03:05:00.000,8628.100,8628.100,8628.100,8628.100,0
03.10.2013 03:10:00.000,8628.100,8628.100,8628.100,8628.100,0
03.10.2013 03:15:00.000,8628.100,8628.100,8628.100,8628.100,0
03.10.2013 03:20:00.000,8628.100,8628.100,8628.100,8628.100,0
03.10.2013 03:25:00.000,8628.100,8628.100,8628.100,8628.100,0
03.10.2013 03:30:00.000,8628.100,8628.100,8628.100,8628.100,0
03.10.2013 03:35:00.000,8628.100,8628.100,8628.100,8628.100,0
03.10.2013 03:40:00.000,8628.100,8628.100,8628.100,8628.100,0
03.10.2013 03:45:00.000,8628.100,8628.100,8628.100,8628.100,0
03.10.2013 03:50:00.000,8628.100,8628.100,8628.100,8628.100,0
03.10.2013 03:55:00.000,8628.100,8628.100,8628.100,8628.100,0
03.10.2013 04:00:00.000,8628.100,8628.100,8628.100,8628.100,0
03.10.2013 04:05:00.000,8628.100,8628.100,8628.100,8628.100,0
03.10.2013 04:10:00.000,8628.100,8628.100,8628.100,8628.100,0
03.10.2013 04:15:00.000,8628.100,8628.100,8628.100,8628.100,0
03.10.2013 04:20:00.000,8628.100,8628.100,8628.100,8628.100,0
03.10.2013 04:25:00.000,8628.100,8628.100,8628.100,8628.100,0
03.10.2013 04:30:00.000,8628.100,8628.100,8628.100,8628.100,0
03.10.2013 04:35:00.000,8628.100,8628.100,8628.100,8628.100,0
03.10.2013 04:40:00.000,8628.100,8628.100,8628.100,8628.100,0
03.10.2013 04:45:00.000,8628.100,8628.100,8628.100,8628.100,0
03.10.2013 04:50:00.000,8628.100,8628.100,8628.100,8628.100,0
03.10.2013 04:55:00.000,8628.100,8628.100,8628.100,8628.100,0
03.10.2013 05:00:00.000,8628.100,8628.100,8628.100,8628.100,0
03.10.2013 05:05:00.000,8628.100,8628.100,8628.100,8628.100,0
03.10.2013 05:10:00.000,8628.100,8628.100,8628.100,8628.100,0
03.10.2013 05:15:00.000,8628.100,8628.100,8628.100,8628.100,0
03.10.2013 05:20:00.000,8628.100,8628.100,8628.100,8628.100,0
03.10.2013 05:25:00.000,8628.100,8628.100,8628.100,8628.100,0
03.10.2013 05:30:00.000,8628.100,8628.100,8628.100,8628.100,0
03.10.2013 05:35:00.000,8628.100,8628.100,8628.100,8628.100,0
03.10.2013 05:40:00.000,8628.100,8628.100,8628.100,8628.100,0
03.10.2013 05:45:00.000,8628.100,8628.100,8628.100,8628.100,0
03.10.2013 05:50:00.000,8628.100,8628.100,8628.100,8628.100,0
03.10.2013 05:55:00.000,8628.100,8628.100,8628.100,8628.100,0
03.10.2013 06:00:00.000,8628.100,8628.100,8628.100,8628.100,0
03.10.2013 06:05:00.000,8628.100,8628.100,8628.100,8628.100,0
03.10.2013 06:10:00.000,8628.100,8628.100,8628.100,8628.100,0
03.10.2013 06:15:00.000,8628.100,8628.100,8628.100,8628.100,0
03.10.2013 06:20:00.000,8628.100,8628.100,8628.100,8628.100,0
03.10.2013 06:25:00.000,8628.100,8628.100,8628.100,8628.100,0
03.10.2013 06:30:00.000,8628.100,8628.100,8628.100,8628.100,0
03.10.2013 06:35:00.000,8628.100,8628.100,8628.100,8628.100,0
03.10.2013 06:40:00.000,8628.100,8628.100,8628.100,8628.100,0
03.10.2013 06:45:00.000,8628.100,8628.100,8628.100,8628.100,0
03.10.2013 06:50:00.000,8628.100,8628.100,8628.100,8628.100,0
03.10.2013 06:55:00.000,8628.100,8628.100,8628.100,8628.100,0
03.10.2013 07:00:00.000,8628.100,8628.100,8628.100,8628.100,0
03.10.2013 07:05:00.000,8628.100,8628.100,8628.100,8628.100,0
03.10.2013 07:10:00.000,8628.100,8628.100,8628.100,8628.100,0
03.10.2013 07:15:00.000,8628.100,8628.100,8628.100,8628.100,0
03.10.2013 07:20:00.000,8628.100,8628.100,8628.100,8628.100,0
03.10.2013 07:25:00.000,8628.100,8628.100,8628.100,8628.100,0
03.10.2013 07:30:00.000,8628.100,8628.100,8628.100,8628.100,0
03.10.2013 07:35:00.000,8628.100,8628.100,8628.100,8628.100,0
03.10.2013 07:40:00.000,8628.100,8628.100,8628.100,8628.100,0
03.10.2013 07:45:00.000,8628.100,8628.100,8628.100,8628.100,0
03.10.2013 07:50:00.000,8628.100,8628.100,8628.100,8628.100,0
03.10.2013 07:55:00.000,8628.100,8628.100,8628.100,8628.100,0
03.10.2013 08:00:00.000,8628.100,8628.100,8628.100,8628.100,0
03.10.2013 08:05:00.000,8628.100,8628.100,8628.100,8628.100,0
03.10.2013 08:10:00.000,8628.100,8628.100,8628.100,8628.100,0
03.10.2013 08:15:00.000,8628.100,8628.100,8628.100,8628.100,0
03.10.2013 08:20:00.000,8628.100,8628.100,8628.100,8628.100,0
03.10.2013 08:25:00.000,8628.100,8628.100,8628.100,8628.100,0
03.10.2013 08:30:00.000,8628.100,8628.100,8628.100,8628.100,0
03.10.2013 08:35:00.000,8628.100,8628.100,8628.100,8628.100,0
03.10.2013 08:40:00.000,8628.100,8628.100,8628.100,8628.100,0
03.10.2013 08:45:00.000,8628.100,8628.100,8628.100,8628.100,0
03.10.2013 08:50:00.000,8628.100,8628.100,8628.100,8628.100,0
03.10.2013 08:55:00.000,8628.100,8628.100,8628.100,8628.100,0
03.10.2013 09:00:00.000,8628.100,8628.100,8628.100,8628.100,0
03.10.2013 09:05:00.000,8628.100,8628.100,8628.100,8628.100,0
03.10.2013 09:10:00.000,8628.100,8628.100,8628.100,8628.100,0
03.10.2013 09:15:00.000,8628.100,8628.100,8628.100,8628.100,0
03.10.2013 09:20:00.000,8628.100,8628.100,8628.100,8628.100,0
03.10.2013 09:25:00.000,8628.100,8628.100,8628.100,8628.100,0
03.10.2013 09:30:00.000,8628.100,8628.100,8628.100,8628.100,0
03.10.2013 09:35:00.000,8628.100,8628.100,8628.100,8628.100,0
03.10.2013 09:40:00.000,8628.100,8628.100,8628.100,8628.100,0
03.10.2013 09:45:00.000,8628.100,8628.100,8628.100,8628.100,0
03.10.2013 09:50:00.000,8628.100,8628.100,8628.100,8628.100,0
03.10.2013 09:55:00.000,8628.100,8628.100,8628.100,8628.100,0
03.10.2013 10:00:00.000,8628.100,8628.100,8628.100,8628.100,0
03.10.2013 10:05:00.000,8628.100,8628.100,8618.397,8618.517,0.02
03.10.2013 10:10:00.000,8618.507,8623.648,8618.297,8622.178,0.064
03.10.2013 10:15:00.000,8621.697,8621.818,8618.558,8621.637,0.066
03.10.2013 10:20:00.000,8621.818,8621.818,8619.777,8620.987,0.058
03.10.2013 10:25:00.000,8620.848,8623.318,8620.108,8623.058,0.068
03.10.2013 10:30:00.000,8623.037,8625.928,8622.707,8623.287,0.074
03.10.2013 10:35:00.000,8623.168,8623.168,8617.967,8620.188,0.066
03.10.2013 10:40:00.000,8620.328,8621.118,8619.338,8620.528,0.076
03.10.2013 10:45:00.000,8620.807,8621.538,8619.077,8619.238,0.074
03.10.2013 10:50:00.000,8618.928,8631.517,8618.928,8631.517,0.058
03.10.2013 10:55:00.000,8631.677,8631.977,8628.177,8628.468,0.07200000000000001
03.10.2013 11:00:00.000,8628.468,8628.468,8627.497,8627.497,0.034
03.10.2013 11:05:00.000,8627.208,8630.307,8626.368,8629.667,0.072
03.10.2013 11:10:00.000,8629.587,8630.147,8626.567,8626.647,0.082
03.10.2013 11:15:00.000,8626.888,8628.877,8626.888,8628.877,0.062000000000000006
03.10.2013 11:20:00.000,8629.068,8632.967,8629.068,8631.978,0.07
03.10.2013 11:25:00.000,8632.068,8636.298,8632.068,8635.237,0.060000000000000005
03.10.2013 11:30:00.000,8635.057,8635.057,8630.267,8631.558,0.06999999999999999
03.10.2013 11:35:00.000,8631.497,8631.607,8629.978,8631.097,0.06799999999999999
03.10.2013 11:40:00.000,8630.988,8633.117,8629.898,8629.898,0.05600000000000001
03.10.2013 11:45:00.000,8629.957,8630.567,8627.457,8629.387,0.064
03.10.2013 11:50:00.000,8627.637,8632.687,8627.528,8632.427,0.078
03.10.2013 11:55:00.000,8632.207,8632.387,8627.328,8629.208,0.06999999999999999
03.10.2013 12:00:00.000,8629.327,8630.058,8628.988,8629.478,0.072
03.10.2013 12:05:00.000,8629.568,8629.568,8625.737,8626.407,0.064
03.10.2013 12:10:00.000,8626.057,8627.748,8625.607,8627.557,0.06999999999999999
03.10.2013 12:15:00.000,8627.667,8629.297,8625.947,8629.297,0.06799999999999999
03.10.2013 12:20:00.000,8629.847,8629.847,8627.187,8627.288,0.074
03.10.2013 12:25:00.000,8627.298,8628.738,8626.888,8626.888,0.054
03.10.2013 12:30:00.000,8627.348,8629.578,8627.348,8628.598,0.064
03.10.2013 12:35:00.000,8628.398,8632.627,8628.097,8632.198,0.074
03.10.2013 12:40:00.000,8632.517,8633.498,8631.598,8633.338,0.07200000000000001
03.10.2013 12:45:00.000,8633.477,8636.397,8632.537,8635.638,0.060000000000000005
03.10.2013 12:50:00.000,8635.537,8638.827,8633.947,8637.308,0.068
03.10.2013 12:55:00.000,8641.687,8643.358,8639.897,8641.617,0.07
03.10.2013 13:00:00.000,8641.828,8642.447,8636.537,8638.577,0.066
03.10.2013 13:05:00.000,8638.647,8639.128,8636.747,8637.678,0.066
03.10.2013 13:10:00.000,8637.998,8640.877,8636.737,8639.327,0.066
03.10.2013 13:15:00.000,8638.597,8639.338,8637.518,8637.618,0.06999999999999999
03.10.2013 13:20:00.000,8637.677,8638.337,8632.888,8632.888,0.056
03.10.2013 13:25:00.000,8632.857,8635.547,8630.848,8633.547,0.07400000000000001
03.10.2013 13:30:00.000,8633.227,8635.778,8630.267,8634.228,0.064
03.10.2013 13:35:00.000,8635.157,8636.517,8626.897,8627.348,0.057999999999999996
03.10.2013 13:40:00.000,8624.797,8624.797,8618.178,8619.947,0.036000000000000004
03.10.2013 13:45:00.000,8618.817,8619.567,8615.298,8615.298,0.058
03.10.2013 13:50:00.000,8615.618,8619.547,8610.657,8619.368,0.054000000000000006
03.10.2013 13:55:00.000,8618.318,8620.957,8617.268,8620.957,0.060000000000000005
03.10.2013 14:00:00.000,8616.357,8618.158,8609.418,8611.298,0.038000000000000006
03.10.2013 14:05:00.000,8602.927,8611.498,8602.927,8611.498,0.044000000000000004
03.10.2013 14:10:00.000,8608.538,8614.588,8608.498,8613.418,0.060000000000000005
03.10.2013 14:15:00.000,8613.857,8618.118,8611.977,8613.427,0.060000000000000005
03.10.2013 14:20:00.000,8613.618,8616.297,8595.367,8595.367,0.04200000000000001
03.10.2013 14:25:00.000,8596.977,8605.458,8595.077,8605.458,0.042
03.10.2013 14:30:00.000,8606.877,8606.877,8600.347,8601.328,0.05
03.10.2013 14:35:00.000,8601.567,8606.940,8600.010,8600.010,0.06599999999999999
03.10.2013 14:40:00.000,8598.940,8601.097,8594.968,8596.657,0.05
03.10.2013 14:45:00.000,8596.327,8599.308,8590.647,8599.308,0.034
03.10.2013 14:50:00.000,8601.017,8605.247,8598.127,8601.738,0.046000000000000006
03.10.2013 14:55:00.000,8604.067,8608.548,8602.398,8603.048,0.05
03.10.2013 15:00:00.000,8601.308,8604.938,8600.008,8603.077,0.05
03.10.2013 15:05:00.000,8603.218,8614.308,8603.218,8610.778,0.042
03.10.2013 15:10:00.000,8610.677,8613.807,8609.118,8610.108,0.060000000000000005
03.10.2013 15:15:00.000,8606.437,8607.877,8605.568,8606.877,0.016
03.10.2013 15:20:00.000,8606.368,8613.017,8603.997,8610.148,0.024
03.10.2013 15:25:00.000,8610.148,8610.148,8600.998,8600.998,0.01
03.10.2013 15:30:00.000,8600.998,8600.998,8600.998,8600.998,0
03.10.2013 15:35:00.000,8596.267,8596.267,8596.267,8596.267,0.002
03.10.2013 15:40:00.000,8596.267,8596.267,8596.267,8596.267,0
03.10.2013 15:45:00.000,8596.267,8596.267,8596.267,8596.267,0
03.10.2013 15:50:00.000,8596.267,8596.267,8596.267,8596.267,0
03.10.2013 15:55:00.000,8596.267,8596.267,8596.267,8596.267,0
03.10.2013 16:00:00.000,8596.267,8596.267,8596.267,8596.267,0
03.10.2013 16:05:00.000,8596.267,8596.267,8596.267,8596.267,0
03.10.2013 16:10:00.000,8596.267,8596.267,8596.267,8596.267,0
03.10.2013 16:15:00.000,8596.267,8596.267,8596.267,8596.267,0
03.10.2013 16:20:00.000,8596.267,8596.267,8596.267,8596.267,0
03.10.2013 16:25:00.000,8596.267,8596.267,8596.267,8596.267,0
03.10.2013 16:30:00.000,8596.267,8596.267,8596.267,8596.267,0
03.10.2013 16:35:00.000,8596.267,8596.267,8596.267,8596.267,0
03.10.2013 16:40:00.000,8596.267,8596.267,8596.267,8596.267,0
03.10.2013 16:45:00.000,8596.267,8596.267,8596.267,8596.267,0
03.10.2013 16:50:00.000,8596.267,8596.267,8596.267,8596.267,0
03.10.2013 16:55:00.000,8596.267,8596.267,8596.267,8596.267,0
03.10.2013 17:00:00.000,8596.267,8596.267,8596.267,8596.267,0
03.10.2013 17:05:00.000,8596.267,8596.267,8596.267,8596.267,0
03.10.2013 17:10:00.000,8596.267,8596.267,8596.267,8596.267,0
03.10.2013 17:15:00.000,8596.267,8596.267,8596.267,8596.267,0
03.10.2013 17:20:00.000,8596.267,8596.267,8596.267,8596.267,0
03.10.2013 17:25:00.000,8596.267,8596.267,8596.267,8596.267,0
03.10.2013 17:30:00.000,8596.267,8596.267,8596.267,8596.267,0
03.10.2013 17:35:00.000,8596.267,8596.267,8596.267,8596.267,0
03.10.2013 17:40:00.000,8596.267,8596.267,8596.267,8596.267,0
03.10.2013 17:45:00.000,8596.267,8596.267,8596.267,8596.267,0
03.10.2013 17:50:00.000,8596.267,8596.267,8596.267,8596.267,0
03.10.2013 17:55:00.000,8596.267,8596.267,8596.267,8596.267,0
03.10.2013 18:00:00.000,8596.267,8596.267,8596.267,8596.267,0
03.10.2013 18:05:00.000,8596.267,8596.267,8596.267,8596.267,0
03.10.2013 18:10:00.000,8596.267,8596.267,8596.267,8596.267,0
03.10.2013 18:15:00.000,8596.267,8596.267,8596.267,8596.267,0
03.10.2013 18:20:00.000,8596.267,8596.267,8596.267,8596.267,0
03.10.2013 18:25:00.000,8596.267,8596.267,8596.267,8596.267,0
03.10.2013 18:30:00.000,8596.267,8596.267,8596.267,8596.267,0
03.10.2013 18:35:00.000,8596.267,8596.267,8596.267,8596.267,0
03.10.2013 18:40:00.000,8596.267,8596.267,8596.267,8596.267,0
03.10.2013 18:45:00.000,8596.267,8596.267,8596.267,8596.267,0
03.10.2013 18:50:00.000,8596.267,8596.267,8596.267,8596.267,0
03.10.2013 18:55:00.000,8596.267,8596.267,8596.267,8596.267,0
03.10.2013 19:00:00.000,8596.267,8596.267,8596.267,8596.267,0
03.10.2013 19:05:00.000,8596.267,8596.267,8596.267,8596.267,0
03.10.2013 19:10:00.000,8596.267,8596.267,8596.267,8596.267,0
03.10.2013 19:15:00.000,8596.267,8596.267,8596.267,8596.267,0
03.10.2013 19:20:00.000,8596.267,8596.267,8596.267,8596.267,0
03.10.2013 19:25:00.000,8596.267,8596.267,8596.267,8596.267,0
03.10.2013 19:30:00.000,8596.267,8596.267,8596.267,8596.267,0
03.10.2013 19:35:00.000,8596.267,8596.267,8596.267,8596.267,0
03.10.2013 19:40:00.000,8596.267,8596.267,8596.267,8596.267,0
03.10.2013 19:45:00.000,8596.267,8596.267,8596.267,8596.267,0
03.10.2013 19:50:00.000,8596.267,8596.267,8596.267,8596.267,0
03.10.2013 19:55:00.000,8596.267,8596.267,8596.267,8596.267,0
03.10.2013 20:00:00.000,8596.267,8596.267,8596.267,8596.267,0
03.10.2013 20:05:00.000,8596.267,8596.267,8596.267,8596.267,0
03.10.2013 20:10:00.000,8596.267,8596.267,8596.267,8596.267,0
03.10.2013 20:15:00.000,8596.267,8596.267,8596.267,8596.267,0
03.10.2013 20:20:00.000,8596.267,8596.267,8596.267,8596.267,0
03.10.2013 20:25:00.000,8596.267,8596.267,8596.267,8596.267,0
03.10.2013 20:30:00.000,8596.267,8596.267,8596.267,8596.267,0
03.10.2013 20:35:00.000,8596.267,8596.267,8596.267,8596.267,0
03.10.2013 20:40:00.000,8596.267,8596.267,8596.267,8596.267,0
03.10.2013 20:45:00.000,8596.267,8596.267,8596.267,8596.267,0
03.10.2013 20:50:00.000,8596.267,8596.267,8596.267,8596.267,0
03.10.2013 20:55:00.000,8596.267,8596.267,8596.267,8596.267,0
03.10.2013 21:00:00.000,8596.267,8596.267,8596.267,8596.267,0
03.10.2013 21:05:00.000,8596.267,8596.267,8596.267,8596.267,0
03.10.2013 21:10:00.000,8596.267,8596.267,8596.267,8596.267,0
03.10.2013 21:15:00.000,8596.267,8596.267,8596.267,8596.267,0
03.10.2013 21:20:00.000,8596.267,8596.267,8596.267,8596.267,0
03.10.2013 21:25:00.000,8596.267,8596.267,8596.267,8596.267,0
03.10.2013 21:30:00.000,8596.267,8596.267,8596.267,8596.267,0
03.10.2013 21:35:00.000,8596.267,8596.267,8596.267,8596.267,0
03.10.2013 21:40:00.000,8596.267,8596.267,8596.267,8596.267,0
03.10.2013 21:45:00.000,8596.267,8596.267,8596.267,8596.267,0
03.10.2013 21:50:00.000,8596.267,8596.267,8596.267,8596.267,0
03.10.2013 21:55:00.000,8596.267,8596.267,8596.267,8596.267,0
03.10.2013 22:00:00.000,8596.267,8596.267,8596.267,8596.267,0
03.10.2013 22:05:00.000,8596.267,8596.267,8596.267,8596.267,0
03.10.2013 22:10:00.000,8596.267,8596.267,8596.267,8596.267,0
03.10.2013 22:15:00.000,8596.267,8596.267,8596.267,8596.267,0
03.10.2013 22:20:00.000,8596.267,8596.267,8596.267,8596.267,0
03.10.2013 22:25:00.000,8596.267,8596.267,8596.267,8596.267,0
03.10.2013 22:30:00.000,8596.267,8596.267,8596.267,8596.267,0
03.10.2013 22:35:00.000,8596.267,8596.267,8596.267,8596.267,0
03.10.2013 22:40:00.000,8596.267,8596.267,8596.267,8596.267,0
03.10.2013 22:45:00.000,8596.267,8596.267,8596.267,8596.267,0
03.10.2013 22:50:00.000,8596.267,8596.267,8596.267,8596.267,0
03.10.2013 22:55:00.000,8596.267,8596.267,8596.267,8596.267,0
03.10.2013 23:00:00.000,8596.267,8596.267,8596.267,8596.267,0
03.10.2013 23:05:00.000,8596.267,8596.267,8596.267,8596.267,0
03.10.2013 23:10:00.000,8596.267,8596.267,8596.267,8596.267,0
03.10.2013 23:15:00.000,8596.267,8596.267,8596.267,8596.267,0
03.10.2013 23:20:00.000,8596.267,8596.267,8596.267,8596.267,0
03.10.2013 23:25:00.000,8596.267,8596.267,8596.267,8596.267,0
03.10.2013 23:30:00.000,8596.267,8596.267,8596.267,8596.267,0
03.10.2013 23:35:00.000,8596.267,8596.267,8596.267,8596.267,0
03.10.2013 23:40:00.000,8596.267,8596.267,8596.267,8596.267,0
03.10.2013 23:45:00.000,8596.267,8596.267,8596.267,8596.267,0
03.10.2013 23:50:00.000,8596.267,8596.267,8596.267,8596.267,0
03.10.2013 23:55:00.000,8596.267,8596.267,8596.267,8596.267,0